-3.545584592939757
-3.6322412607830166
-4.064823219809882
-3.8353017089004013
-4.020610386787799
-3.8868570584105564
-3.5528821057874955
-3.8958994691142554
-3.635301145612116
-4.327419417680779
-3.9951752246686185
-4.035833960991535
-4.031426253579764
-4.267560491074158
-4.061942951278268
-4.07593566091708
-4.0702103062248565
-4.063735851432142
-3.610122976995352
-4.279544731006257
-3.5223801303906512
-4.035625663728734
-4.083360885085539
-4.092814081139763
-4.046891869563003
-3.6534674735095924
-3.86645489541407
-3.928461783848731
-4.084574920323009
-3.539678051398111
-3.6696337308549345
-3.6984044353073955
-3.7016060022708763
-3.802635870359576
-3.956053625590511
-3.9602949554129876
-4.018389312651526
-4.179495482424118
-4.0677527034761045
-3.987712258212207
-3.931620017964064
-3.7987946079530017
-3.906217792649147
-3.904811691992072
-3.8250618835337327
-4.056576448171712
-4.004292428037453
-3.8833324698298477
-3.6283239781276624
